36 90 29 41 48 65 27 68 84 58 11 71 89 75 9 27 83 89 83 29 84 51 14 33 72 86 70 63 86 8 27 95 40 99 63 76 66 55 77 8 19 2 62 72 19 99 58 91 77 4
94 68 41 89 34 55 17 40 77 16 28 74 17 65 56 100 31 47 52 31 98 90 17 5 59 50 76 11 84 59 85 55 93 85 9 78 54 16 75 71 31 19 92 1 80 5 22 94 59 9
77 54 11 88 71 19 33 58 22 32 69 55 58 57 14 1 12 40 44 91 9 19 64 34 90 2 9 46 33 79 36 21 42 76 37 96 76 52 63 9 18 93 35 42 97 61 25 51 52 31
75 53 53 96 35 96 70 74 61 53 88 93 11 4 44 92 64 53 43 42 55 3 3 32 34 6 47 38 66 54 75 99 38 95 39 29 33 70 29 7 33 66 28 45 82 89 60 93 5 91
68 60 8 26 35 101 88 73 41 25 88 30 63 83 65 38 53 19 76 41 99 68 78 46 99 72 28 17 4 14 41 74 4 93 22 37 36 99 23 86 1 6 67 47 6 87 98 24 100 6
35 3 37 67 99 43 81 62 8 37 52 27 7 33 32 12 12 37 45 8 16 45 62 53 64 59 51 37 100 39 9 86 48 70 70 25 64 30 31 14 53 40 56 11 83 2 67 51 27 65
54 15 6 38 33 101 29 25 31 66 44 15 38 33 44 60 14 46 26 30 64 66 19 47 76 58 15 39 60 74 22 73 35 36 82 73 29 57 81 24 34 78 99 58 30 17 94 99 45 50
54 69 46 53 72 85 74 81 12 43 38 89 79 98 41 40 20 18 8 59 94 82 61 66 33 32 75 100 99 34 91 96 90 48 53 89 58 48 51 93 45 22 5 1 21 44 54 17 3 37
9 10 14 24 66 64 64 25 76 70 69 44 33 19 43 42 85 98 1 9 64 30 25 15 40 96 49 80 77 28 6 101 65 98 12 90 62 8 46 13 84 27 9 86 46 4 2 26 61 71
10 17 60 27 59 55 9 41 92 69 4 68 73 26 64 34 99 25 79 46 66 27 24 64 31 47 33 18 35 43 20 38 45 72 44 52 98 27 86 33 39 79 2 6 20 54 46 87 50 64
28 61 60 18 76 101 85 88 84 98 80 97 76 33 38 20 80 26 39 98 86 99 10 99 101 39 21 10 88 14 1 71 100 44 64 76 34 29 75 97 1 11 26 41 24 79 86 56 46 65
54 99 80 42 21 84 51 19 83 60 90 97 33 50 67 44 53 64 54 10 18 50 58 90 18 79 87 40 88 10 48 25 48 27 83 49 49 24 27 81 6 60 42 1 27 66 86 17 33 62
13 23 31 51 94 77 69 100 36 10 98 38 76 21 96 9 13 67 57 61 38 27 3 28 42 98 3 91 52 47 6 99 20 9 22 39 84 18 72 25 95 96 30 71 95 45 65 83 2 19
8 32 90 37 72 97 76 62 2 83 46 33 56 81 78 49 85 97 13 63 13 51 33 42 79 60 16 49 48 9 80 89 2 57 41 55 68 48 41 75 63 51 90 9 35 16 65 62 72 100
29 21 43 70 39 14 5 101 67 3 76 19 56 14 55 29 32 91 19 61 27 1 32 13 63 83 64 92 99 66 88 18 23 70 14 100 71 64 75 92 76 67 3 95 80 38 88 33 23 66
19 57 23 35 23 26 66 67 40 9 40 96 58 22 39 53 35 48 72 96 30 90 69 35 27 15 26 27 39 10 61 85 49 50 18 39 101 34 93 22 91 18 52 88 52 60 47 38 31 60
81 56 78 45 58 65 67 43 50 36 35 57 5 32 94 64 24 28 61 38 31 20 55 78 65 2 80 39 93 90 70 16 51 73 97 87 63 16 74 98 53 87 101 7 73 55 30 47 91 50
6 77 88 39 29 12 82 89 97 16 12 3 38 64 23 55 7 26 22 89 49 59 33 57 81 57 46 97 70 65 73 96 35 26 91 65 30 80 81 76 53 37 56 66 79 60 62 84 71 70
73 7 44 26 80 38 5 58 10 35 17 74 21 12 40 50 13 97 98 13 3 94 91 65 22 95 47 24 58 89 90 3 12 70 34 85 1 6 57 58 98 70 89 3 13 96 22 12 71 53
76 9 75 20 8 27 62 99 75 43 20 80 59 26 72 81 42 74 15 86 52 84 58 67 75 87 23 57 67 55 76 67 13 2 94 33 76 29 17 59 68 46 48 94 92 18 49 101 27 77
77 101 5 36 47 66 8 12 65 99 30 91 51 44 93 4 101 15 35 87 67 101 45 96 64 101 37 11 95 25 24 85 52 15 68 90 13 92 21 16 62 63 27 44 29 30 1 94 58 6
34 19 1 80 69 25 10 25 18 47 1 20 41 71 13 50 68 20 68 53 11 90 64 70 54 8 47 55 14 24 24 51 97 82 90 71 24 84 27 9 45 100 99 48 17 22 36 1 96 33
100 53 32 4 62 63 78 1 9 19 34 8 26 32 3 63 33 28 61 28 43 71 92 55 89 24 52 48 3 80 20 63 83 59 34 79 55 69 63 1 72 71 54 85 15 65 93 25 44 31
92 83 42 86 24 27 43 53 18 96 33 1 100 52 86 55 99 49 83 15 68 10 47 19 60 41 13 65 35 56 94 6 98 4 94 27 87 24 63 70 52 63 84 53 5 90 37 25 90 1
93 80 85 59 80 77 10 67 68 24 57 52 42 65 40 77 23 56 34 39 70 44 25 63 57 59 94 88 19 35 70 87 71 55 39 23 16 66 14 53 54 78 26 52 22 48 17 4 57 50
67 71 29 85 39 86 8 68 51 50 34 37 82 32 27 64 34 37 96 11 3 50 8 34 65 16 34 5 78 37 24 2 40 36 22 21 5 101 21 57 28 62 40 97 92 87 1 31 55 7
6 83 51 21 84 40 59 52 66 18 100 30 79 52 11 75 37 61 77 52 46 87 99 4 17 88 42 2 8 4 18 12 79 7 6 66 86 28 71 83 68 38 65 1 42 94 47 82 94 79
100 67 62 51 22 33 74 23 49 92 18 44 8 28 53 70 92 77 100 22 53 99 73 50 18 83 75 87 23 93 33 84 4 69 38 46 32 72 2 52 5 28 52 65 41 35 86 67 25 4
39 76 67 70 97 22 35 38 85 3 38 23 4 27 79 30 49 48 10 48 44 61 13 50 71 9 80 46 55 45 96 89 2 30 11 54 48 16 42 87 72 27 34 22 78 2 20 60 21 68
81 18 25 62 7 49 35 77 7 61 67 32 24 60 38 39 101 32 46 89 16 34 86 72 51 52 48 96 25 77 67 53 25 29 52 31 25 101 93 80 49 77 36 25 37 54 61 55 33 25
79 10 42 61 93 93 93 101 10 91 29 86 47 40 88 94 93 46 16 92 29 6 71 66 11 53 34 34 27 81 80 47 21 99 69 17 85 45 25 41 78 7 27 21 40 18 41 77 87 23
81 79 39 66 5 66 91 77 55 88 33 81 43 95 15 15 79 63 26 36 50 6 44 97 32 24 22 1 22 22 67 95 13 40 22 62 8 23 69 101 39 97 22 71 14 40 41 27 7 37
39 37 2 90 58 75 88 25 3 68 99 85 47 95 19 22 34 48 62 98 54 68 2 35 62 66 81 97 97 99 54 94 15 10 64 24 13 32 96 70 18 52 56 6 88 24 30 9 97 59
11 14 62 50 19 39 46 37 37 26 94 20 90 46 80 88 83 36 12 15 15 82 33 82 99 10 57 48 78 27 2 21 22 89 54 40 19 21 94 99 28 86 68 12 42 72 3 12 74 80
56 43 16 58 95 78 17 43 17 16 82 4 85 37 5 77 51 75 9 97 85 34 18 88 55 63 61 91 53 93 7 12 86 31 61 60 81 97 14 21 63 50 66 22 80 80 43 55 47 91
5 18 16 33 14 16 58 10 8 93 91 85 10 88 99 89 81 97 22 68 91 92 82 58 58 33 42 62 80 36 46 63 17 28 11 6 71 40 38 37 93 68 56 85 55 31 81 51 24 25
7 85 80 32 88 2 31 83 87 13 16 52 43 50 52 20 91 60 23 56 74 64 41 7 94 22 64 38 94 3 51 64 65 32 34 12 71 25 61 95 81 41 13 47 56 7 7 96 48 89
62 92 99 8 96 78 59 84 48 72 27 20 16 67 71 22 89 77 2 75 67 56 48 6 54 64 43 51 99 80 37 91 57 61 53 11 98 26 84 95 21 55 63 82 72 10 80 95 95 62
39 62 83 47 90 68 5 54 4 53 22 1 66 79 34 49 43 51 97 69 11 58 50 78 95 92 93 54 83 98 81 70 32 20 62 54 34 75 31 54 81 22 74 66 80 33 79 68 41 89
32 24 62 11 11 52 62 6 79 95 88 97 57 84 16 27 71 21 38 15 91 46 61 25 22 58 87 78 84 16 9 9 30 15 41 80 25 13 40 51 85 3 63 57 54 37 68 18 92 52
19 14 54 48 30 84 45 44 7 16 71 4 96 14 65 52 54 65 62 1 101 84 19 3 21 74 85 34 11 70 19 66 56 57 12 20 97 82 32 82 100 81 53 4 84 58 97 66 13 16
25 40 53 27 97 24 85 24 62 49 79 94 9 69 12 66 22 24 79 91 71 67 85 71 92 52 76 33 40 45 71 89 64 21 94 1 88 88 70 83 74 89 56 99 81 87 71 88 91 65
19 10 42 3 74 29 80 43 53 75 2 58 41 9 58 39 54 69 81 17 8 82 88 69 58 91 2 61 27 49 64 75 21 100 6 62 50 101 54 61 68 94 30 30 58 49 88 37 36 50
80 28 85 42 88 78 4 84 68 28 73 48 75 29 26 88 51 40 13 2 64 10 99 96 41 59 100 20 47 85 31 10 85 19 51 75 67 88 2 73 11 72 80 44 83 36 44 75 33 4
26 1 62 43 46 89 20 50 58 16 30 71 32 19 53 51 58 32 43 38 53 61 4 11 17 47 11 77 26 62 89 40 40 39 37 62 44 54 88 101 57 71 61 56 23 92 65 46 98 52
89 92 94 72 91 53 19 85 2 101 38 37 89 100 52 46 4 37 83 8 37 81 70 22 87 7 66 69 58 19 57 3 96 65 48 7 12 100 89 27 67 54 68 51 26 91 82 64 57 9
19 98 35 98 70 94 48 30 90 81 51 35 71 52 93 11 37 6 58 32 72 87 68 40 20 78 101 74 29 56 49 6 4 69 8 1 36 26 56 76 22 36 77 33 100 95 36 101 35 68
98 39 80 58 75 17 41 18 85 35 83 53 58 17 13 42 45 79 95 42 101 16 43 32 72 38 23 28 97 4 33 17 26 5 95 98 101 55 88 21 73 59 76 83 24 33 93 53 42 86
81 23 53 86 79 7 36 46 78 55 83 93 32 28 55 54 17 91 100 58 25 97 7 46 30 39 34 94 63 80 101 31 18 32 43 81 57 38 94 43 86 44 34 75 61 41 28 35 79 18
89 36 64 3 92 95 100 95 82 13 72 17 20 98 100 91 64 8 64 18 101 34 34 97 99 45 4 76 71 47 66 66 96 52 14 4 42 101 62 62 65 76 55 3 8 73 14 5 87 22
